30
300
150
181
858
440
709
881
341
580
627
511
181
898
361
763
588
693
996
384
424
874
841
976
145
709
217
910
489
854
517
607
402
436
808
579
835
520
304
791
957
888
730
765
809
130
264
810
108
682
506
787
935
732
212
664
932
873
703
508
948
506
181
908
249
912
584
598
565
929
519
178
140
890
147
464
741
224
612
135
523
849
588
823
279
682
264
355
683
667
187
146
119
952
894
671
540
201
180
180
995
167
589
697
554
134
797
976
994
213
479
433
317
866
118
301
166
241
268
605
309
734
154
135
759
861
656
158
895
469
467
249
718
159
959
569
323
718
120
184
688
716
462
201
255
833
1000
735
272
285
225
886
962
394
870
985
999
918
616
844
370
289
533
980
261
662
149
806
587
379
266
138
832
591
888
542
350
102
471
797
153
484
681
619
168
841
269
600
195
839
282
659
543
895
734
233
616
307
753
191
580
942
155
788
703
378
266
526
565
972
791
944
586
188
940
690
997
997
891
439
253
244
507
185
199
374
503
759
747
971
806
114
635
331
737
799
131
336
609
602
483
676
673
113
529
451
177
352
659
410
406
265
303
239
197
372
195
546
749
595
157
439
761
250
383
597
703
998
784
820
406
172
404
953
696
333
922
515
804
576
421
872
371
839
495
857
429
717
120
736
587
433
594
393
555
592
899
783
462
354
572
430