40
1000
96
331
387
173
63
153
100
343
41
228
193
244
377
154
69
313
72
338
22
235
466
30
170
260
466
322
200
467
79
209
310
131
191
333
352
409
165
260
63
130
287
365
130
368
402
1
416
225
113
287
371
73
87
237
360
350
429
408
432
336
40
75
287
132
412
283
286
115
415
181
141
3
65
233
122
21
135
44
87
353
185
213
376
303
285
228
453
329
426
472
240
73
430
485
482
227
130
141
25
440
206
285
234
2
95
213
157
492
169
465
52
15
406
374
368
321
154
282
111
270
216
135
218
6
349
294
240
167
452
298
189
305
143
107
376
21
235
306
279
185
302
385
276
280
183
497
21
166
114
195
480
14
234
401
29
91
106
181
288
285
38
174
416
61
424
374
319
395
387
176
439
374
417
86
447
17
295
403
456
407
335
160
273
366
249
435
326
122
405
410
484
354
400
290
118
36
109
373
23
480
278
173
10
388
286
251
447
306
255
212
476
200
453
212
273
338
178
132
206
373
496
193
87
57
432
402
389
474
128
311
252
453
392
83
135
297
65
56
447
26
346
289
326
109
452
139
468
338
426
414
121
6
245
430
20
405
115
382
196
105
15
267
254
199
151
272
440
54
10
72
258
327
377
38
346
173
71
281
35
182
405
143
89
125
56
371
215
316
65
170
466
67
298
223
147
178
404
409
65
128
373
34
265
464
398
9
318
197
333
190
308
336
20
492
482
496
119
132
370
150
299
384
415
405
457
91
71
209
486
316
116
305
351
443
413
302
251
235
6
92
172
481
240
444
265
45
75
213
250
93
222
309
187
325
83
252
425
268
222
136
126
358
246
325
127
229
226
481
479
461
47
83
303
467
83
256
129
411
18
479
463
346
416
468
67
361
382
430
380
250
380
300
188
462
281
309
196
329
332
136
133
440
212
166
468
352
386
29
451
286
399
201
19
375
271
294
109
129
118
47
286
237
233
349
380
356
362
26
464
241
304
32
371
415
492
119
483
296
281
417
455
8
39
344
17
129
417
202
13
21
328
425
197
10
484
349
35
320
104
344
77
61
319
360
349
476
442
359
98
116
61
377
482
264
465
147
445
460
405
104
77
190
143
402
33
339
361
364
123
54
319
418
149
167
489
127
10
391
47
52
235
119
258
273
25
14
345
241
208
83
182
325
392
146
468
94
228
283
230
83
371
264
413
136
166
117
337
170
233
111
323
170
154
402
173
133
123
245
482
256
57
234
418
146
321
82
352
399
473
386
359
488
476
406
127
434
361
339
29
50
26
138
197
43
22
236
142
398
299
133
308
253
484
37
346
287
34
140
169
329
12
274
280
74
88
189
53
397
152
470
236
492
175
285
180
423
374
78
395
240
241
361
260
362
351
97
451
196
115
22
454
82
354
416
423
354
346
111
398
49
83
166
221
145
307
12
348
335
58
306
60
238
437
87
456
434
327
16
34
406
154
456
191
41
226
244
461
481
146
4
242
409
479
169
173
418
476
105
229
44
495
424
255
248
39
103
73
180
42
467
227
350
410
442
240
287
76
32
345
319
62
168
62
23
391
225
410
189
494
469
188
346
399
268
10
459
378
197
129
214
343
436
240
146
30
334
111
158
398
482
306
401
454
252
13
96
395
281
458
349
172
89
486
189
455
383
490
381
162
205
295
289
168
127
350
380
6
226
333
474
172
120
425
450
258
344
384
120
450
298
117
46
364
396
323
327
382
387
430
407
397
297
279
211
82
449
26
438
80
424
414
53
345
202
340
412
80
192
128
299
350
451
467
369
117
283
146
237
24
72
404
150
74
355
483
295
372
409
190
444
198
310
151
234
125
313
357
21
97
293
182
240
80
95
391
110
359
372
241
223
345
397
439
460
193
384
352
50
321
382
146
34
334
294
18
144
154
248
401
249
303
57
475
53
462
269
37
488
407
291
488
442
222
305
48
50
332
372
129
353
57
11
423
264
403
262
27
335
297
220
59
71
210
326
340
174
48
28
268
271
318
7
101
41
25
474
264
391
208
287
476
363
428
21
205
182
183
313
141
54
279
74
29
376
120
46
228
457
423
210
230
83
359
168
385
240
303
355
272
163
245
451
285
295
479
452
380
279
433
401
85
156
91
484
206
236
488
155
459
109
247
79
136
286
316
33
359
44
259
301
46
175
167
275
432
87
327
473
315
188
205
141
200
405
346
346
249
148
163
456
56
437
257
464
60
67
359
98
135
157
213
191
174
425
499
362
53
459
171
57
389
337
452
497
172
331
174
162
88
223